    1   301    9 1.708 57.0    2    2
    2   451    8 1.724 67.5    2    2
    3   501    7 1.720 54.5    2    2
    4   642    9 18.000 53.0    1    2
    5   901    9 1.895 57.0    1    2
    6  1701    8 2.336 61.0    2    2
    7  1752    6 1.919 58.0    2    2
    8  1753    6 1.415 56.0    2    2
    9  1901    8 1.987 58.5    2    2
   10  1904    9 1.942 60.0    2    2
   11  1952    6 1.602 53.0    2    2
   12  2001    8 1.735 54.0    1    2
   13  2101    8 2.193 58.5    2    2
   14  2401    8 2.118 60.5    1    2
   15  3102    8 2.258 58.0    1    2
   16  3142    7 1.932 53.0    1    2
   17  3541    5 1.472 50.0    1    2
   18  3551    6 1.878 NA    2    2
   19  4201    9 2.352 59.0    1    2
   20  4301    9 2.604 61.5    1    2
   21  4351    5 1.400 49.0    2    2
   22  5151    5 1.256 52.5    2    2
   23  5152    4 0.839 48.0    2    2
   24  5201    7 2.578 62.5    1    2
   25  5601    9 2.988 65.0    2    2
   26  5642    3 1.404 51.5    1    2
   27  5702    9 2.348 60.0    1    2
   28  6042    5 1.755 52.0    1    2
   29  6101    8 2.980 60.0    2    2
   30  6801    9 2.100 60.0    2    2
   31  6851    5 1.282 49.0    2    2
   32  7201    9 3.000 65.5    1    2
   33  7251    8 2.673 60.0    2    2
   34  7252    7 2.093 57.5    2    2
   35  7253    5 1.612 52.0    2    2
   36  8501    8 2.175 59.0    2    2
   37  8801    9 2.725 59.0    1    2
   38  9101    8 2.071 55.0    1    2
   39  9201    8 1.547 57.0    1    2
   40  9301    8 2.004 57.0    1    2
   41  9501    9 7.000 60.0    2    2
   42  9801    8 2.420 59.0    1    2
   43 10041    5 1.776 51.0    1    2
   44 10401    8 1.931 57.0    2    2
   45 10451    5 1.343 50.0    2    2
   46 10601    9 2.076 57.0    2    2
   47 10701    7 1.624 54.0    1    2
   48 10751    8 1.344 NA    2    2
   49 10841    6 1.650 55.0    1    2
   50 11201    8 2.732 60.5    1    2
   51 11241    5 2.017 54.5    1    2
   52 11501    9 2.797 61.5    2    2
   53 12001    9 3.556 62.0    1    2
   54 12201    8 -3.000 54.5    1    2
   55 12241    6 1.634 54.0    1    2
   56 12402    9 2.570 57.0    1    2
   57 13351    9 3.016 62.5    2    2
   58 13701    7 2.419 60.0    2    2
   59 13751    4 1.569 50.0    2    2
   60 14051    8 1.698 57.5    2    2
   61 14101    8 2.123 60.0    1    2
   62 14201    8 2.481 60.0    2    2
   63 14251    6 1.481 51.0    2    2
   64 14252    4 1.577 49.0    2    2
   65 14501    8 1.940 59.0    1    2
   66 14541    6 1.747 57.5    1    2
   67 14601    9 2.069 58.0    1    2
   68 14651    7 1.631 55.5    2    2
   69 15153    5 1.536 52.0    2    2
   70 15201    9 2.560 60.5    2    2
   71 15241    8 1.962 57.0    1    2
   72 15301    8 2.531 58.0    2    2
   73 15401    9 2.715 60.0    1    2
   74 15443    9 2.457 59.0    1    2
   75 15601    9 2.090 59.5    1    2
   76 15701    7 1.789 56.0    1    2
   77 15741    5 1.858 53.0    1    2
   78 15842    5 1.452 51.0    1    2
   79 16101    9 3.842 69.0    1    2
   80 16151    6 1.719 NA    2    2
   81 16251    7 2.111 57.0    2    2
   82 16252    6 1.695 53.0    2    2
   83 16501    8 2.211 63.0    1    2
   84 16601    8 1.794 54.5    1    2
   85 16651    7 1.917 58.0    2    2
   86 18101    8 2.144 63.0    2    2
   87 18501    7 1.253 52.0    1    2
   88 18843    9 2.659 61.5    1    2
   89 18844    5 1.580 52.5    1    2
   90 19401    9 2.126 62.0    1    2
   91 20152    9 3.029 61.5    2    2
   92 20801    9 2.964 64.5    1    2
   93 20841    7 1.611 57.5    1    2
   94 21552    8 2.215 60.0    2    2
   95 22201    8 2.388 60.0    2    2
   96 22901    9 2.196 61.0    1    2
   97 23101    9 1.751 58.0    1    2
   98 23441    9 2.165 61.5    1    2
   99 23442    7 1.682 55.0    1    2
  100 23641    8 1.523 55.0    1    2
  101 23653    8 1.292 52.0    2    2
  102 23801    7 1.649 54.0    1    2
  103 23802    9 2.588 63.0    1    2
  104 23841    4 0.796 47.0    1    2
  105 23902    9 2.574 60.5    2    2
  106 23941    6 1.979 NA    1    2
  107 24401    8 2.354 58.5    1    2
  108 24843    6 1.718 55.0    1    2
  109 24851    7 1.742 58.5    2    2
  110 25001    7 1.603 51.0    2    2
  111 25052    8 2.639 59.5    2    2
  112 25201    7 1.829 54.0    2    2
  113 27001    7 2.084 58.0    1    2
  114 27401    7 2.220 58.0    1    2
  115 27952    7 1.473 52.5    2    2
  116 28452    8 2.341 60.5    2    2
  117 28501    7 1.698 54.5    2    2
  118 28551    5 1.196 46.5    2    2
  119 28801    8 1.872 56.5    2    2
  120 29001    7 2.219 55.0    1    2
  121 29101    9 2.420 57.0    1    2
  122 29151    7 1.827 NA    2    2
  123 29401    7 1.461 54.0    2    2
  124 29443    6 1.338 53.0    1    2
  125 29601    8 2.090 57.0    1    2
  126 29701    8 1.697 59.0    2    2
  127 29741    8 1.562 55.0    1    2
  128 29901    9 2.040 55.5    2    2
  129 29954    7 1.609 51.5    2    2
  130 30001    8 2.458 61.0    2    2
  131 30043    9 2.650 63.5    1    2
  132 31001    8 1.429 57.5    1    2
  133 31501    8 1.675 53.0    1    2
  134 31551    9 1.947 56.5    2    2
  135 32501    8 2.069 54.0    1    2
  136 32542    6 1.572 52.0    1    2
  137 32742    6 1.348 53.0    1    2
  138 32751    8 2.288 61.5    2    2
  139 33301    9 -5.000 58.5    1    2
  140 33351    5 0.791 NA    2    2
  141 33501    7 1.905 58.0    1    2
  142 33601    9 2.463 61.0    2    2
  143 33641    6 1.431 51.0    1    2
  144 33801    9 2.631 62.0    2    2
  145 34101    9 3.114 64.5    1    2
  146 34301    9 2.135 58.5    1    2
  147 34341    6 1.527 52.5    1    2
  148 35102    8 2.293 58.0    2    2
  149 35103    9 3.042 66.0    2    2
  150 35601    8 2.927 63.5    1    2
  151 37201    8 2.665 64.0    2    2
  152 37301    9 2.301 58.5    1    2
  153 37901    9 2.460 64.0    1    2
  154 38051    9 2.592 60.5    2    2
  155 38152    7 1.750 55.0    2    2
  156 38241    8 1.759 53.0    1    2
  157 38242    6 1.536 48.0    1    2
  158 38801    9 2.259 58.5    2    2
  159 39001    9 2.048 64.5    2    2
  160 39101    9 2.571 60.5    1    2
  161 39141    7 2.046 56.0    1    2
  162 39201    8 1.780 58.5    2    2
  163 39251    5 1.552 54.0    2    2
  164 39301    8 1.953 58.0    2    2
  165 39401    9 2.893 64.5    1    2
  166 39741    6 1.713 50.5    1    2
  167 39801    9 2.851 60.0    2    2
  168 39841    6 1.624 51.5    1    2
  169 39901    8 2.631 59.0    1    2
  170 39941    5 1.819 53.0    1    2
  171 40001    7 15.000 53.0    1    2
  172 40501    7 2.158 53.5    1    2
  173 40541    4 1.789 52.0    1    2
  174 42101    9 3.004 64.0    2    2
  175 42201    8 2.503 NA    1    2
  176 42501    9 1.933 58.0    2    2
  177 42552    9 2.091 58.5    2    2
  178 42901    9 2.316 59.5    2    2
  179 42941    5 1.704 51.0    2    2
  180 43201    9 1.606 57.5    2    2
  181 43242    7 1.165 47.0    1    2
  182 43651    6 2.102 55.5    2    2
  183 43901    9 2.320 57.0    2    2
  184 44201    9 2.230 61.0    1    2
  185 44301    9 1.716 55.5    1    2
  186 44501    7 1.790 53.5    1    2
  187 44551    5 1.146 50.0    2    2
  188 44701    8 2.187 61.5    2    2
  189 45001    9 2.717 61.5    1    2
  190 45041    7 1.796 55.0    1    2
  191 45241    9 1.953 NA    1    1
  192 45251    8 1.335 56.5    2    2
  193 45301    9 2.119 57.0    1    2
  194 45641    6 1.666 52.0    1    2
  195 45642    6 1.826 52.5    1    2
  196 45653    8 2.709 62.5    2    2
  197 46101    9 2.871 65.0    1    2
  198 46151    5 1.092 50.0    2    2
  199 46641    6 2.262 57.5    1    2
  200 46642    6 2.104 56.5    1    2